001 1000  7513 4974 1009 00 999 999 99 999 0 19860320 99999
002 1000  7513 4977 11                       19860321
003 1000  7511 4987 11                       19860322
004 1000  7513 4977 11                       19860323
005 1000  7513 4977 11                       19860325
006 1000  7511 4987 11                       19860326
007 1000  7522 4973 11                       19860530
008 1000  7517 4987 11                       19861101
009 1000  7511 4984 11                       19861102
010 1000  7511 4978 11                       19861105
011 1000  7517 4987 11                       19861107
001 1000  7513 4982 1000 00 020 999 00 999 0 19861115
002 1000  7513 4982 10                       19861116
003 1000  7529 4978 1101                     19861117
004 1000  7513 4982 1102                     19861118
005 1000  7513 4982 11                       19861119
006 1000  7529 4978 1101                     19861120
007 0515  7520 4986 1100 00 821 999 00 999 0 19861125
008 0650  7512 4988 11
009 0450  7524 4985 1102 00 030 999 00 999 0 19861202
010 0615  7520 4986 1000
011 0700  7510 4991 1000
012 0050  7510 4991 1100                     19861203
013 0140  7522 4990 11
014 0250  7522 4990 11
015 0110  7526 4985 1102                   2 19861204
016 0200  7522 4990 1100
017 0245  7515 4992 11
018 0325  7510 4991 11
019 2010  7507 4997 11                     0
020 2240  7507 4997 11
021 0020  7530 4985 1100 00 320 999 73 999 0 19861216
022 0115  7528 4988 11
023 0200  7526 4989 1102
024 0245  7526 4989 1002 00 820
025 0320  7526 4989 1102 00 821
026 2330  7528 4988 1000 00 820 999 74
027 0020  7528 4988 11                       19861217
028 0115  7530 4987 1100 00 820 999 00
029 0245  7510 4995 1102
001 0430  7528 4989 1000 00 823 999 74 999 0 19861218
002 0530  7527 4993 1102
003 0600  7527 4993 11
004 0630  7513 4997 1100
005 0700  7521 4990 11
006 2215  7530 4992 1100 00 821 999 76
007 2250  7524 4994 1102 00 823
008 2325  7524 4994 11
009 0005  7524 4994 1002 00 825 999 76 999 0 19861219
010 0040  7524 4994 1100 00 823 999 73
011 0120  7536 4991 1100 00 825
012 0035  7527 4993 1100 00 820 999 00 999 2 19870110
013 0120  7545 4988 11
014 0200  7545 4988 11
015 0230  7545 4988 1000
016 0310  7545 4988 10
017 1840  7553 4986 1100 00 420 999 12 999 0 19870110
018 1930  7548 4987 1100
019 2010  7553 4986 1000 00 020
020 2040  7553 4986 1000 00 030
021 2115  7548 4987 1100
022 2315  7553 4986 1001 00 040 999 12 999 0 19870111
023 0015  7553 4986 1001 00 040 999 12 999 0 19870112
024 0100  7553 4986 1100
025 0130  7553 4986 1000 00 050
026 0215  7553 4986 10
027 1700  7553 4986 1001 00 878 999 12 999 0 19870113
028 1500  7553 4986 1000 00 070 999 00 999 0 19870114
029 0900  7553 4986 1000 00 770 999 00 999 0 19870125
