001 1000  7513 4982 1000 00 020 999 00 999 0 19861117 99999
002 1000  7513 4982 1102 00 020 999 00 999 0 19861118
003 1000  7513 4982 1102 00 020 999 00 999 0 19861119
004 1000  7516 4987 1102 00 020 999 00 999 0 19861120
005 0515  7529 4981 1100 00 821 999 00 999 0 19861125
006 0650  7513 4982 11
007 0450  7524 4985 1102 00 030 999 00 999 0 19861202
008 0615  7518 4980 1100
009 0700  7513 4982 1000
010 0050  7523 4986 1100 00 030 999 00 999 0 19861203
011 0140  7512 4988 11
012 0250  7524 4985 11
013 0110  7526 4985 1102 00 030 999 00 999 2 19861204
014 0200  7526 4985 1100
015 0245  7525 4987 11
016 0325  7524 4994 11
017 2010  7518 4980 1100 00 030 999 00 999 0 19861204
018 2240  7523 4986 11
019 0030  7514 4987 1100 00 320 999 73 999 0 19861216
020 0115  7514 4987 11
021 0200  7526 4989 1102
022 0245  7526 4989 1002 00 820
023 0320  7526 4989 1002 00 821
024 2340  7510 4991 1100 00 820 999 74
025 0020  7510 4991 1100 00 820 999 74 999 0 19861217
026 0115  7517 4994 1100 00 820 999 00
027 0245  7510 4995 1102
001 0430  7527 4985 1100 00 823 999 74 999 0 19861218
002 0530  7527 4993 1102
003 0600  7527 4993 11
004 0630  7510 4994 1100
005 0700  7509 4998 11
006 2215  7522 4995 1100 00 821 999 76 999 0 19861218
007 2250  7524 4994 1102 00 823
008 2325  7524 4994 11
009 0005  7524 4994 1102 00 825 999 76 999 0 19861219
010 0040  7524 4994 1102 00 823 999 73
011 0120  7524 4994 1100 00 825
