list(age=c(28, 28, 28, 28, 28, 28, 29, 29, 29, 29, 29, 29, 30, 30, 30,
30, 30, 30, 31, 31, 31, 31, 31, 31, 32, 32, 32, 32, 32, 32, 33, 33, 33,
33, 33, 33),
breast.feed=c( 1, 1, 1, 1, 0, 0, 1, 1, 1, 0, 0, 1, 1, 0, 0, 0, 0, 0,
0, 0, 1, 1, 0, 0, 0, 0, 0, 0, 0, 1, 1, 1, 1, 0, 0, 0))
